119
121
129
128
130
134
138
143
113
114
129
103
90
98
91
96
101
90
73
66
74
82
80
91
92
93
96
101
102
115
122
114
119
120
108
104
109
135
123
133
134
133
138
144
151
158
159
162
166
146
137
124
153
150
153
162
169
167
169
168
162
165
138
112
111
121
122
123
130
127
135
138
136
138
141
139
144
169
174
180
183
207
210
227
224
235
239
228
232
231
238
250
260
262
264
267
276
277
283
284
285
283
280
260
259
261
260
263
270
275
278
281
282
287
286
285
286
290
298
299
291
294
295
305
310
313
287
271
272
274
276
275
290
307
305
307
312
314
313
315
323
319
332
333
334
335
352
353
358
359
362
352
377
374
383
391
395
397
391
399
400
402
406
413
414
417
412
421
422
420
421
418
383
387
388
395
397
398
401
403
415
416
419
447
449
451
467
468
479
484
487
494
519
546
566
570
582
586
587
611
613
647
641
640
663
670
671
681
682
683
685
688
664
676
677
678
702
703
724
734
739
742
768
771
774
784
792
787
764
773
783
790
787
788
798
797
796
802
810
837
839
840
841
842
845
852
853
856
855
858
862
868
869
868
852
851
852
856
857
869
883
884
886
893
896
904
905
939
938
945
953
962
957
956
959
961
962
963
954
960
961
965
966
967
958
959
957
960
967
968
971
972
983
994
991
1007
1022
1034
1043
1038
1039
1028
1034
1036
1037
1039
1049
1028
1049
1050
1052
1053
1054
1059
1060
1066
1078
1075
1083
1084
1077
1075
1105
1108
1111
1113
1114
1127
1124
1127
1131
1138
1128
1123
1109
1108
1112
1116
1117
1139
1145
1152
1133
1134
1133
1147
1148
1143
1142
1157
1163
1164
1160
1162
1167
1152
1157
1180
1182
1187
1188
1190
1201
1196
1199
1192
1203
1207
1212
1213
1230
1231
1233
1237
1239
1245
1241
1239
1246
1249
1247
1251
1271
1269
1273
1281
1282
1286
1287
1288
1290
1292
1294
1291
1289
1298
1300
1301
1289
1286
1284
1288
1290
1293
1297
1299
1294
1298
1301
1288
1294
1305
1291
1312
1310
1309
1310
1307
1309
1310
1312
1313
1317
1316
1301
1304
1337
1342
1341
1346
1347
1352
1353
1340
1345
1362
1354
1364
1367
1370
1366
1368
1369
1370
1371
1372
1368
1380
1384
1386
1406
1407
1413
1414
1417
1418
1396
1395
1401
1398
1408
1415
1403
1402
1394
1380
1388
1391
1398
1396
1399
1397
1402
1410
1436
1438
1443
1449
1450
1470
1451
1448
1439
1440
1437
1439
1445
1447
1448
1449
1456
1460
1466
1495
1497
1506
1530
1519
1521
1523
1522
1509
1526
1537
1539
1540
1542
1540
1538
1543
1546
1522
1523
1540
1536
1548
1550
1554
1559
1575
1576
1556
1567
1566
1583
1575
1579
1578
1561
1564
1562
1560
1577
1591
1592
1612
1603
1607
1600
1613
1620
1621
1620
1625
1624
1623
1642
1647
1651
1655
1657
1662
1669
1692
1683
1690
1684
1686
1689
1683
1711
1709
1712
1714
1715
1710
1711
1702
1703
1719
1720
1722
1734
1748
1749
1752
1754
1760
1758
1760
1763
1780
1788
1791
1802
1795
1793
1795
1798
1801
1788
1815
1816
1825
1850
1858
1859
1858
1859
